8.199381037231548
9.480133795992373
12.652786895495327
16.948951201975678
29.720841539279128
31.727468817405985
33.680015005158026
38.17624808527932
45.54471849698334
45.627246866110234
46.42658413829755
50.97189658945263
53.366469723967626
60.77807996498798
68.44727875207104
70.37450373565915
70.46672293600926
77.51352027259371
83.58560755259622
91.82093844759137
94.78226890493609
96.31091937853638
98.0571446434712
98.22157616680735
99.94029197536655
100.00000000000001
8.199381037231548
9.480133795992373
12.652786895495327
16.948951201975678
29.720841539279128
31.727468817405985
33.680015005158026
38.17624808527932
45.54471849698334
45.627246866110234
46.42658413829755
50.97189658945263
53.366469723967626
60.77807996498798
68.44727875207104
70.37450373565915
70.46672293600926
77.51352027259371
83.58560755259622
91.82093844759137
94.78226890493609
96.31091937853638
98.0571446434712
98.22157616680735
99.94029197536655
100.00000000000001
8.199381037231548
9.480133795992373
12.652786895495327
16.948951201975678
29.720841539279128
31.727468817405985
33.680015005158026
38.17624808527932
45.54471849698334
45.627246866110234
46.42658413829755
50.97189658945263
53.366469723967626
60.77807996498798
68.44727875207104
70.37450373565915
70.46672293600926
77.51352027259371
83.58560755259622
91.82093844759137
94.78226890493609
96.31091937853638
98.0571446434712
98.22157616680735
99.94029197536655
100.00000000000001
